Date;Open;High;Low;Close;Volume
2019-01-02 11:00:41.054000;3888.0;3904.0;3874.5;3876.0;61010
2019-01-02 13:00:51.425000;3875.5;3875.5;3846.0;3850.5;94785
2019-01-02 15:00:54.860000;3850.0;3850.5;3811.0;3819.0;95050
2019-01-02 17:00:49.773000;3819.0;3824.0;3807.0;3817.0;77435
2019-01-03 11:00:55.730000;3804.0;3815.0;3781.0;3782.5;104685
2019-01-03 13:00:54.972000;3782.0;3789.0;3762.0;3767.5;95195
2019-01-03 15:00:59.184000;3767.5;3772.5;3745.0;3750.5;89675
2019-01-03 17:00:53.685000;3750.5;3765.0;3750.0;3760.0;64245
2019-01-04 11:00:48.294000;3750.0;3775.0;3748.0;3765.5;86720
2019-01-04 13:00:59.368000;3765.0;3791.0;3761.0;3775.5;99065
2019-01-04 15:00:47.061000;3776.0;3779.0;3718.5;3722.5;135360
2019-01-04 17:00:51.078000;3722.5;3728.0;3715.5;3721.5;81085
2019-01-07 11:00:47.516000;3722.0;3727.5;3701.5;3706.0;88960
2019-01-07 13:00:41.153000;3706.5;3717.0;3695.5;3711.0;105795
2019-01-07 15:00:56.073000;3711.5;3730.0;3706.0;3717.0;78845
2019-01-07 17:00:51.245000;3717.0;3741.0;3716.0;3738.5;70840
2019-01-08 11:00:31.769000;3745.0;3748.0;3718.0;3727.0;65535
2019-01-08 13:00:35.668000;3727.0;3739.0;3709.0;3715.0;87465
2019-01-08 15:00:32.593000;3716.0;3734.5;3714.0;3723.5;72505
2019-01-08 17:00:36.078000;3724.0;3726.0;3712.5;3720.0;44950
2019-01-09 11:00:48.069000;3712.0;3716.0;3699.0;3704.0;73720
2019-01-09 13:00:47.252000;3704.0;3704.5;3682.5;3686.0;98520
2019-01-09 15:00:53.253000;3686.0;3694.0;3680.0;3687.5;69920
2019-01-09 17:00:47.672000;3688.0;3697.5;3687.5;3688.5;62010
2019-01-10 11:00:43.398000;3696.5;3700.0;3685.5;3690.5;60425
2019-01-10 13:00:53.157000;3690.0;3697.5;3680.0;3692.0;76280
2019-01-10 15:00:41.391000;3692.0;3698.5;3686.0;3698.0;61300
2019-01-10 17:00:43.483000;3697.5;3730.0;3696.5;3713.0;154810
2019-01-11 11:00:55.880000;3699.0;3727.0;3696.0;3726.0;62235
2019-01-11 13:00:53.950000;3726.0;3733.5;3709.0;3727.5;104150
2019-01-11 15:01:00.957000;3727.0;3727.0;3709.0;3713.0;62680
2019-01-11 17:00:54.685000;3712.5;3721.0;3703.5;3718.0;48385
2019-01-14 11:00:47.923000;3722.0;3738.0;3721.0;3733.0;71555
2019-01-14 13:00:46.484000;3732.5;3734.0;3722.0;3724.5;75980
2019-01-14 15:00:48.925000;3724.0;3725.0;3697.0;3698.0;61580
2019-01-14 17:00:54.548000;3697.5;3704.5;3687.5;3702.5;63650
2019-01-15 11:00:51.415000;3707.0;3719.5;3697.5;3715.0;62140
2019-01-15 13:00:52.862000;3715.0;3722.5;3698.5;3711.5;91355
2019-01-15 15:00:51.064000;3711.5;3727.5;3708.0;3719.5;76355
2019-01-15 17:00:51.185000;3720.0;3730.0;3717.5;3729.0;57935
2019-01-16 11:00:40.221000;3718.0;3731.0;3712.5;3713.5;55000
2019-01-16 13:00:43.244000;3714.0;3726.5;3711.0;3724.0;66040
2019-01-16 15:00:45.037000;3724.0;3740.0;3721.5;3729.5;82355
2019-01-16 17:00:44.023000;3730.0;3737.5;3720.5;3736.0;62160
2019-01-17 11:00:31.312000;3737.0;3775.5;3729.0;3766.0;107865
2019-01-17 13:00:36.731000;3766.0;3774.0;3758.5;3768.5;111620
2019-01-17 15:00:34.380000;3768.0;3776.0;3755.0;3760.0;88315
2019-01-17 17:00:32.007000;3760.0;3767.5;3740.0;3749.0;69465
2019-01-18 11:00:54.298000;3748.5;3760.0;3742.5;3750.0;66110
2019-01-18 13:00:53.653000;3750.5;3752.5;3729.0;3742.0;71490
2019-01-18 15:00:54.157000;3742.5;3770.0;3733.5;3768.0;92780
2019-01-18 17:00:53.130000;3768.0;3775.0;3754.0;3756.5;63670
2019-01-21 11:00:45.397000;3761.0;3775.5;3761.0;3772.0;38665
2019-01-21 13:01:01.653000;3772.5;3782.0;3770.0;3776.0;36330
2019-01-21 15:00:57.298000;3775.5;3777.5;3762.5;3763.5;28430
2019-01-21 17:00:45.487000;3764.0;3767.0;3758.5;3761.0;26395
2019-01-22 11:00:52.596000;3768.0;3770.5;3747.5;3754.5;66810
2019-01-22 13:00:51.652000;3754.5;3770.0;3752.0;3766.5;56605
2019-01-22 15:00:51.546000;3766.5;3788.0;3766.5;3782.0;93425
2019-01-22 17:00:57.257000;3781.5;3811.5;3776.5;3807.0;107625
2019-01-23 11:01:03.292000;3800.5;3811.5;3786.5;3806.5;86600
2019-01-23 13:00:57.437000;3806.5;3809.0;3793.0;3801.5;84775
2019-01-23 15:01:04.911000;3801.0;3813.5;3794.0;3800.0;76770
2019-01-23 17:01:05.041000;3800.5;3802.5;3761.5;3763.5;81015
2019-01-24 11:00:56.273000;3774.5;3788.0;3767.5;3786.5;64965
2019-01-24 13:00:51.014000;3787.0;3796.0;3770.0;3779.5;112690
2019-01-24 15:00:54.185000;3779.0;3781.0;3739.5;3749.0;117205
2019-01-24 17:00:46.376000;3748.5;3773.5;3748.5;3770.5;70165
2019-01-28 11:00:51.372000;3778.0;3783.5;3757.5;3761.0;99240
2019-01-28 13:00:54.768000;3761.0;3787.5;3751.5;3773.5;92650
2019-01-28 15:00:52.019000;3773.0;3778.5;3761.0;3763.5;94875
2019-01-28 17:00:52.498000;3763.0;3771.0;3762.0;3764.5;56425
2019-01-29 11:00:49.390000;3764.5;3765.5;3732.5;3742.0;102980
2019-01-29 13:00:46.518000;3742.0;3742.5;3726.5;3731.5;99985
2019-01-29 15:00:48.915000;3731.5;3737.5;3724.0;3728.0;75715
2019-01-29 17:00:46.343000;3728.0;3730.5;3718.5;3720.5;52630
2019-01-30 11:01:02.689000;3715.0;3724.0;3705.0;3712.0;81335
2019-01-30 13:00:56.939000;3712.5;3717.5;3702.5;3715.0;95950
2019-01-30 15:00:58.882000;3715.0;3725.0;3714.5;3722.0;60140
2019-01-30 17:00:56.173000;3722.5;3732.0;3706.0;3708.5;66920

