Date;Open;High;Low;Close;Volume
2018-10-01 10:01:18.955000;79550.0;79725.0;79050.0;79350.0;7790
2018-10-01 11:00:52.723000;79360.0;79675.0;78745.0;79015.0;10905
2018-10-01 12:00:52.555000;79045.0;79050.0;78405.0;78470.0;9510
2018-10-01 13:00:57.500000;78475.0;78645.0;78215.0;78495.0;8540
2018-10-01 14:01:13.360000;78495.0;78880.0;78450.0;78825.0;5480
2018-10-01 15:01:03.485000;78830.0;79175.0;78720.0;78870.0;8380
2018-10-01 16:00:55.558000;78885.0;79010.0;78440.0;78840.0;7185
2018-10-01 17:00:58.604000;78845.0;78965.0;78500.0;78820.0;8705
2018-10-01 18:01:24.300000;78830.0;78870.0;78540.0;78800.0;5820
2018-10-02 10:03:11.612000;80210.0;80805.0;80040.0;80805.0;19300
2018-10-02 11:03:12.827000;80800.0;81325.0;80655.0;81125.0;29370
2018-10-02 12:03:22.304000;81095.0;81615.0;80925.0;81560.0;22050
2018-10-02 13:03:25.797000;81565.0;81800.0;81230.0;81640.0;18690
2018-10-02 14:03:13.554000;81650.0;81755.0;81465.0;81510.0;9760
2018-10-02 15:03:14.814000;81520.0;81730.0;81400.0;81520.0;9660
2018-10-02 16:03:38.321000;81505.0;81995.0;81480.0;81925.0;17950
2018-10-02 17:03:15.733000;81905.0;82000.0;81730.0;81750.0;14425
2018-10-02 18:05:59.705000;81765.0;81990.0;81755.0;81950.0;7720
2018-10-03 10:03:12.949000;84200.0;85545.0;83755.0;85320.0;45330
2018-10-03 11:03:13.075000;85305.0;85490.0;84205.0;84220.0;44235
2018-10-03 12:03:18.122000;84225.0;84935.0;83885.0;84015.0;24445
2018-10-03 13:03:13.743000;84015.0;84455.0;83905.0;84290.0;19485
2018-10-03 14:03:13.992000;84300.0;84370.0;84025.0;84095.0;10260
2018-10-03 15:03:12.067000;84085.0;84205.0;83435.0;84000.0;16340
2018-10-03 16:03:14.075000;84005.0;84070.0;83300.0;83395.0;17665
2018-10-03 17:03:12.373000;83405.0;83530.0;82955.0;83450.0;17625
2018-10-04 10:02:58.621000;82700.0;83255.0;82465.0;83170.0;13590
2018-10-04 11:02:49.383000;83120.0;83230.0;82575.0;82735.0;14200
2018-10-04 12:02:57.890000;82740.0;82845.0;82110.0;82760.0;19130
2018-10-04 13:02:57.009000;82755.0;82930.0;82280.0;82320.0;9120
2018-10-04 14:02:50.513000;82295.0;82390.0;82085.0;82160.0;6595
2018-10-04 15:02:48.235000;82160.0;82405.0;82020.0;82290.0;8835
2018-10-04 16:02:49.516000;82280.0;83485.0;82245.0;83240.0;19630
2018-10-04 17:02:54.097000;83260.0;83645.0;82925.0;83115.0;22160
2018-10-05 10:03:04.420000;84650.0;85055.0;83655.0;84190.0;27355
2018-10-05 11:03:00.333000;84135.0;84165.0;83040.0;83160.0;32095
2018-10-05 12:03:00.579000;83155.0;83190.0;82525.0;82555.0;16110
2018-10-05 13:03:00.341000;82635.0;82665.0;82150.0;82410.0;12850
2018-10-05 14:03:02.675000;82425.0;82635.0;82245.0;82440.0;7180
2018-10-05 15:02:59.757000;82455.0;82760.0;82140.0;82600.0;11605
2018-10-05 16:03:00.023000;82600.0;82815.0;82255.0;82375.0;12910
2018-10-05 17:03:00.152000;82370.0;82820.0;82370.0;82485.0;20435
2018-10-05 18:04:37.153000;82485.0;82800.0;82330.0;82715.0;7250
2018-10-08 10:03:30.327000;86570.0;87985.0;85980.0;87745.0;43340
2018-10-08 11:03:30.903000;87745.0;87960.0;86440.0;86720.0;43875
2018-10-08 12:03:31.046000;86705.0;86865.0;85675.0;85810.0;29930
2018-10-08 13:03:42.958000;85800.0;85835.0;85335.0;85635.0;17385
2018-10-08 14:03:36.087000;85600.0;85960.0;85440.0;85600.0;12465
2018-10-08 15:03:30.453000;85580.0;86065.0;85510.0;86030.0;8045
2018-10-08 16:03:39.463000;86050.0;86255.0;85705.0;86120.0;18605
2018-10-08 17:03:35.841000;86100.0;86625.0;86075.0;86385.0;25210
2018-10-10 10:03:20.279000;85000.0;85445.0;84625.0;85255.0;19110
2018-10-10 11:03:15.458000;85260.0;85520.0;84510.0;84560.0;24580
2018-10-10 12:03:16.527000;84560.0;84880.0;84415.0;84615.0;17020
2018-10-10 13:03:27.326000;84595.0;84660.0;84110.0;84220.0;14045
2018-10-10 14:03:36.236000;84235.0;84360.0;84100.0;84250.0;8120
2018-10-10 15:03:22.118000;84245.0;84480.0;84030.0;84125.0;11365
2018-10-10 16:03:17.325000;84070.0;84310.0;83945.0;84220.0;12340
2018-10-10 17:03:16.455000;84210.0;84265.0;83805.0;83855.0;16395
2018-10-11 10:00:46.664000;84000.0;84925.0;83890.0;84800.0;24935
2018-10-11 11:00:45.760000;84795.0;84970.0;83830.0;84555.0;24660
2018-10-11 12:00:46.795000;84545.0;84705.0;83875.0;83885.0;24660
2018-10-11 13:00:47.350000;83910.0;83985.0;82970.0;83570.0;22950
2018-10-11 14:01:05.092000;83605.0;83935.0;83560.0;83640.0;11625
2018-10-11 15:00:46.663000;83630.0;83740.0;83315.0;83535.0;9245
2018-10-11 16:00:50.398000;83570.0;83630.0;82610.0;82840.0;14965
2018-10-11 17:00:47.471000;82890.0;83445.0;82630.0;83020.0;21140
2018-10-11 18:01:29.648000;83020.0;83455.0;82920.0;83395.0;4485
2018-10-15 10:03:20.596000;84260.0;84540.0;84115.0;84245.0;11770
2018-10-15 11:03:18.155000;84245.0;84325.0;83380.0;83380.0;21085
2018-10-15 12:03:17.313000;83385.0;83980.0;83360.0;83860.0;14165
2018-10-15 13:03:18.329000;83860.0;84170.0;83680.0;83705.0;10770
2018-10-15 14:03:22.498000;83705.0;84060.0;83670.0;84010.0;6800
2018-10-15 15:03:19.710000;83995.0;84265.0;83875.0;84080.0;9510
2018-10-15 16:03:18.023000;84120.0;84130.0;83565.0;83600.0;10905
2018-10-15 17:03:34.056000;83555.0;83640.0;83270.0;83425.0;12320
2018-10-16 10:02:34.038000;83850.0;84380.0;83850.0;84245.0;11955
2018-10-16 11:02:30.076000;84240.0;84760.0;84130.0;84730.0;17745
2018-10-16 12:02:27.464000;84720.0;85130.0;84570.0;85060.0;21275
2018-10-16 13:02:42.275000;85055.0;85210.0;84910.0;85075.0;11370
2018-10-16 14:02:33.024000;85080.0;85245.0;84945.0;84975.0;7855
2018-10-16 15:02:32.825000;84965.0;85270.0;84880.0;85135.0;14975
2018-10-16 16:02:38.452000;85145.0;85175.0;84910.0;85000.0;8970
2018-10-16 17:02:36.501000;85000.0;85720.0;84970.0;85700.0;15735

