Date;Open;High;Low;Close;Volume
2018-10-01 10:21:28.486000;79550.0;79725.0;79050.0;79475.0;10000
2018-10-01 11:12:21.562000;79475.0;79525.0;78700.0;78700.0;10000
2018-10-01 12:15:37.072000;78700.0;78920.0;78365.0;78365.0;10000
2018-10-01 13:46:59.677000;78365.0;78880.0;78215.0;78720.0;10000
2018-10-01 14:57:51.957000;78720.0;79175.0;78615.0;78840.0;10000
2018-10-01 16:24:03.019000;78840.0;79010.0;78440.0;78660.0;10000
2018-10-01 17:20:32.598000;78660.0;78870.0;78500.0;78650.0;10000
2018-10-02 09:25:55.571000;80210.0;80400.0;80040.0;80280.0;10000
2018-10-02 10:05:14.355000;80280.0;80830.0;80130.0;80760.0;10000
2018-10-02 10:26:36.450000;80760.0;81040.0;80700.0;80865.0;10000
2018-10-02 10:44:54.421000;80865.0;81310.0;80655.0;81310.0;10000
2018-10-02 11:07:43.112000;81310.0;81325.0;80900.0;81060.0;10000
2018-10-02 11:33:48.331000;81060.0;81385.0;81025.0;81290.0;10000
2018-10-02 12:01:41.633000;81290.0;81615.0;81215.0;81485.0;10000
2018-10-02 12:33:15.174000;81485.0;81800.0;81395.0;81440.0;10000
2018-10-02 13:07:23.797000;81440.0;81770.0;81230.0;81725.0;10000
2018-10-02 14:13:56.988000;81725.0;81755.0;81465.0;81595.0;10000
2018-10-02 15:05:45.010000;81595.0;81730.0;81400.0;81585.0;10000
2018-10-02 15:30:53.238000;81585.0;81945.0;81560.0;81895.0;10000
2018-10-02 16:14:00.828000;81895.0;82000.0;81795.0;81870.0;10000
2018-10-02 16:59:15.074000;81870.0;81965.0;81730.0;81780.0;10000
2018-10-03 09:06:00.770000;84200.0;84300.0;83755.0;84130.0;10000
2018-10-03 09:13:58.603000;84130.0;84620.0;84015.0;84255.0;10000
2018-10-03 09:31:46.786000;84255.0;84840.0;84245.0;84740.0;10000
2018-10-03 09:55:37.406000;84740.0;85350.0;84640.0;85290.0;10000
2018-10-03 10:11:22.903000;85290.0;85545.0;85050.0;85245.0;10000
2018-10-03 10:26:15.754000;85245.0;85490.0;84930.0;84940.0;10000
2018-10-03 10:35:45.838000;84940.0;85000.0;84615.0;84810.0;10000
2018-10-03 10:46:41.823000;84810.0;84945.0;84285.0;84325.0;10000
2018-10-03 11:03:17.998000;84325.0;84745.0;84190.0;84195.0;10000
2018-10-03 11:22:13.281000;84195.0;84935.0;84165.0;84660.0;10000
2018-10-03 11:52:51.691000;84660.0;84680.0;83975.0;84000.0;10000
2018-10-03 12:25:05.235000;84000.0;84260.0;83885.0;84080.0;10000
2018-10-03 12:51:17.548000;84080.0;84255.0;83950.0;84190.0;10000
2018-10-03 13:44:31.280000;84190.0;84455.0;84080.0;84100.0;10000
2018-10-03 14:25:12.869000;84100.0;84205.0;83555.0;83560.0;10000
2018-10-03 15:02:26.943000;83560.0;84140.0;83435.0;84005.0;10000
2018-10-03 15:39:02.046000;84005.0;84070.0;83355.0;83390.0;10000
2018-10-03 16:10:55.869000;83390.0;83580.0;83285.0;83315.0;10000
2018-10-03 16:47:45.941000;83315.0;83330.0;82955.0;83230.0;10000
2018-10-03 17:48:52.458000;83230.0;83630.0;83195.0;83630.0;10000
2018-10-04 09:40:19.192000;82700.0;83020.0;82465.0;83015.0;10000
2018-10-04 10:33:21.279000;83015.0;83255.0;82860.0;82985.0;10000
2018-10-04 11:11:21.561000;82985.0;83040.0;82560.0;82560.0;10000
2018-10-04 11:41:28.663000;82560.0;82600.0;82125.0;82125.0;10000
2018-10-04 12:16:13.649000;82125.0;82930.0;82110.0;82780.0;10000
2018-10-04 13:37:56.638000;82780.0;82780.0;82085.0;82270.0;10000
2018-10-04 14:56:32.032000;82270.0;82405.0;82020.0;82170.0;10000
2018-10-04 15:40:27.665000;82170.0;82950.0;82115.0;82935.0;10000
2018-10-04 16:01:29.840000;82935.0;83485.0;82745.0;83150.0;10000
2018-10-04 16:20:56.705000;83150.0;83645.0;83080.0;83370.0;10000
2018-10-04 16:51:49.641000;83370.0;83440.0;82925.0;83015.0;10000
2018-10-04 17:32:32.029000;83015.0;83400.0;83005.0;83080.0;10000
2018-10-05 09:19:15.072000;84650.0;85055.0;84410.0;84440.0;10000
2018-10-05 09:38:22.758000;84440.0;84840.0;83655.0;84100.0;10000
2018-10-05 10:09:25.402000;84100.0;84445.0;83760.0;83905.0;10000
2018-10-05 10:26:41.681000;83905.0;84045.0;83300.0;83300.0;10000
2018-10-05 10:40:21.286000;83300.0;83585.0;83080.0;83450.0;10000
2018-10-05 11:05:03.174000;83450.0;83620.0;83020.0;83035.0;10000
2018-10-05 11:25:30.654000;83035.0;83090.0;82525.0;83070.0;10000
2018-10-05 12:24:59.106000;83070.0;83120.0;82250.0;82490.0;10000
2018-10-05 13:11:48.104000;82490.0;82535.0;82150.0;82430.0;10000
2018-10-05 14:32:55.315000;82430.0;82635.0;82215.0;82215.0;10000
2018-10-05 15:20:08.853000;82215.0;82795.0;82140.0;82745.0;10000
2018-10-05 16:02:27.144000;82745.0;82815.0;82255.0;82395.0;10000
2018-10-05 16:28:50.028000;82395.0;82750.0;82370.0;82690.0;10000
2018-10-05 16:59:00.475000;82690.0;82820.0;82450.0;82475.0;10000
2018-10-08 09:05:54.662000;86570.0;87015.0;85980.0;86890.0;10000
2018-10-08 09:15:33.666000;86890.0;86925.0;86460.0;86600.0;10000
2018-10-08 09:31:45.487000;86600.0;87550.0;86585.0;87430.0;10000
2018-10-08 09:54:29.349000;87430.0;87985.0;87270.0;87840.0;10000
2018-10-08 10:15:30.784000;87840.0;87965.0;87555.0;87615.0;10000
2018-10-08 10:28:26.179000;87615.0;87670.0;87000.0;87020.0;10000
2018-10-08 10:38:48.773000;87020.0;87155.0;86660.0;86700.0;10000
2018-10-08 10:50:22.245000;86700.0;87020.0;86500.0;86515.0;10000
2018-10-08 11:08:59.875000;86515.0;86865.0;86215.0;86220.0;10000
2018-10-08 11:26:04.868000;86220.0;86425.0;85970.0;86085.0;10000
2018-10-08 11:44:22.949000;86085.0;86130.0;85675.0;85980.0;10000
2018-10-08 12:12:48.853000;85980.0;86065.0;85595.0;85640.0;10000
2018-10-08 12:46:54.366000;85640.0;85795.0;85345.0;85350.0;10000
2018-10-08 13:20:29.394000;85350.0;85960.0;85335.0;85750.0;10000
2018-10-08 14:25:30.527000;85750.0;85910.0;85440.0;85825.0;10000
2018-10-08 15:17:53.529000;85825.0;86255.0;85575.0;86135.0;10000
2018-10-08 15:51:25.158000;86135.0;86165.0;85705.0;86080.0;10000
2018-10-08 16:12:55.114000;86080.0;86590.0;86055.0;86585.0;10000
2018-10-08 16:41:54.035000;86585.0;86625.0;86255.0;86305.0;10000
2018-10-08 17:06:54.062000;86305.0;86480.0;86250.0;86370.0;10000
2018-10-10 09:16:23.366000;85000.0;85280.0;84625.0;85210.0;10000
2018-10-10 10:08:07.817000;85210.0;85445.0;84825.0;85185.0;10000
2018-10-10 10:34:30.678000;85185.0;85520.0;84840.0;84900.0;10000
2018-10-10 10:55:16.653000;84900.0;85000.0;84510.0;84700.0;10000
2018-10-10 11:15:39.664000;84700.0;84880.0;84445.0;84745.0;10000
2018-10-10 11:59:41.686000;84745.0;84785.0;84415.0;84650.0;10000
2018-10-10 12:36:23.665000;84650.0;84680.0;84120.0;84185.0;10000
2018-10-10 13:37:37.802000;84185.0;84355.0;84100.0;84220.0;10000
2018-10-10 14:48:25.478000;84220.0;84480.0;84110.0;84340.0;10000
2018-10-10 15:23:53.891000;84340.0;84365.0;83945.0;84215.0;10000
2018-10-10 16:14:43.335000;84215.0;84310.0;83860.0;84040.0;10000
2018-10-10 16:55:41.830000;84040.0;84050.0;83820.0;83915.0;10000
2018-10-10 17:44:01.012000;83915.0;83940.0;83590.0;83650.0;10000
2018-10-11 09:22:01.718000;84000.0;84365.0;83900.0;84070.0;10000
2018-10-11 09:42:15.338000;84070.0;84925.0;83890.0;84750.0;10000
2018-10-11 10:19:48.519000;84750.0;84970.0;84505.0;84520.0;10000
2018-10-11 10:42:00.258000;84520.0;84590.0;83905.0;83920.0;10000
2018-10-11 11:01:26.626000;83920.0;84705.0;83830.0;84635.0;10000
2018-10-11 11:26:51.746000;84635.0;84705.0;84035.0;84115.0;10000
2018-10-11 11:44:36.358000;84115.0;84250.0;83935.0;84085.0;10000
2018-10-11 12:10:11.275000;84085.0;84250.0;83370.0;83370.0;10000
2018-10-11 12:33:17.675000;83370.0;83545.0;82970.0;83280.0;10000
2018-10-11 13:17:08.236000;83280.0;83720.0;83200.0;83695.0;10000
2018-10-11 14:05:00.391000;83695.0;83935.0;83475.0;83525.0;10000
2018-10-11 15:15:32.409000;83525.0;83740.0;83275.0;83370.0;10000
2018-10-11 15:49:31.517000;83370.0;83460.0;82610.0;82785.0;10000
2018-10-11 16:16:17.136000;82785.0;82995.0;82630.0;82990.0;10000
2018-10-11 16:46:39.639000;82990.0;83445.0;82935.0;83180.0;10000
2018-10-15 09:52:58.294000;84260.0;84500.0;84115.0;84495.0;10000
2018-10-15 10:27:29.185000;84495.0;84540.0;83795.0;83940.0;10000
2018-10-15 10:55:17.092000;83940.0;84010.0;83530.0;83740.0;10000
2018-10-15 11:31:04.937000;83740.0;83930.0;83360.0;83930.0;10000
2018-10-15 12:19:10.352000;83930.0;83980.0;83590.0;83825.0;10000
2018-10-15 13:16:45.734000;83825.0;84170.0;83670.0;83850.0;10000
2018-10-15 14:37:16.496000;83850.0;84160.0;83750.0;84050.0;10000
2018-10-15 15:38:28.130000;84050.0;84265.0;83705.0;83705.0;10000
2018-10-15 16:27:55.338000;83705.0;83820.0;83270.0;83450.0;10000
2018-10-15 17:43:24.788000;83450.0;83640.0;83210.0;83330.0;10000
2018-10-16 09:45:38.041000;83850.0;84380.0;83850.0;84205.0;10000
2018-10-16 10:30:32.210000;84205.0;84560.0;84130.0;84560.0;10000
2018-10-16 11:02:38.562000;84560.0;84760.0;84360.0;84710.0;10000
2018-10-16 11:35:39.387000;84710.0;84935.0;84570.0;84800.0;10000
2018-10-16 11:58:55.670000;84800.0;85130.0;84750.0;85055.0;10000
2018-10-16 12:42:19.850000;85055.0;85210.0;84920.0;84920.0;10000
2018-10-16 14:00:17.711000;84920.0;85245.0;84910.0;85000.0;10000
2018-10-16 14:52:39.674000;85000.0;85270.0;84880.0;85165.0;10000
2018-10-16 15:35:21.350000;85165.0;85190.0;84965.0;85115.0;10000
2018-10-16 16:24:27.243000;85115.0;85445.0;84910.0;85375.0;10000
2018-10-16 17:02:44.968000;85375.0;85740.0;85290.0;85740.0;10000
